,0,1,2,3,4,5,6,7,8,9,10,11,12,13,14,15,16,17,18,19,20,21,22,23,24,25,26,27,28
0,-72.32160725655338,1.2650544842172382,36.58260700569443,-175.48541517452026,66.98198107001471,-24.630117497287134,-73.12010935697498,18.377302286345653,-82.37865345842002,-11.742030584605718,-50.77833276411042,-97.03593381652527,-18.98039742656799,-1.7148792923360465,3.018599185431997,80.79762582958915,-79.03056829594598,32.248850194511526,-71.55912213616227,21.44145315187216,71.79628522419755,-68.99197180435043,-22.836288014256695,-150.82647364473246,-122.36762928491228,17.362132076214127,9.507582096120945,-45.486988254306766,-49.05594684047202
1,-87.31044654888056,-43.97242438169686,-35.976479044762876,-36.603624697240484,97.24181259480581,-46.93772646217258,137.92264504349214,1.644356709436441,-140.14924170659447,114.93481100129623,176.8520670907996,-194.59184335549207,-13.895979977048887,-104.26836667973942,-5.936785528537854,-160.41280902795432,163.9663396309093,-93.65155766786872,18.53685066981983,80.52037898179123,78.92124329609786,2.3846755561847135,90.79989434831326,-13.119322188661043,-106.99273070223238,-102.56251499577719,-28.481864818423613,-121.24153703171109,-83.13970371133992
2,-51.17806578222421,-1.4392057141124606,82.1035151066827,-60.588097891329475,-159.23477411946902,69.15343698829174,-0.6610650002099229,-35.65356408747992,-27.15437551463765,64.57743196480514,-33.36126302511744,117.25686547548132,-132.90089041653383,154.01313719410143,-223.15876587357178,-13.5293155768868,103.37271419924889,-47.74858406646994,229.2137532359416,-98.5967033864508,-164.3332702089386,96.13241029079303,-36.73995234155896,40.161407978108684,-44.18157555267535,17.310622579196163,307.7849027991511,24.122832794480814,-78.10680507753746
3,-78.05844576325754,-30.343403468768162,-13.12918688772458,-16.674006019996586,-96.52119270907772,-22.835059313082915,92.77570080311658,-137.19110949857904,-136.0757853941219,38.39023482641256,-125.12755793681315,-137.5393082012718,-41.88209420363855,58.965342231234175,-197.7909860281199,-111.94724037722149,7.446203090698001,-69.73165393631744,72.981158780487,18.27376610060496,90.41737354028159,-25.65783366022238,174.13246752578326,89.19933159653054,8.336867531592986,237.99913042982902,-243.40320829221253,108.0607584705079,-185.7899127711924
4,-52.71224344739831,30.38972650859668,98.72163839092542,-199.06783993423258,21.56543870438959,59.41966975362051,-117.90891252242207,50.27632771478458,4.52567870329279,78.08813795871508,11.787811204454506,51.63845409142206,-41.17766330459688,-20.393252492553263,-19.73680678213817,-63.77470239779481,16.562619136680983,20.85230468026933,1.8510651626569814,131.13116660304075,-10.259089288797504,23.622086231472068,-12.856863905676091,-1.216156577692434,-12.593739114974984,-69.37115872100524,-1.1339754037513028,4.578696461075764,16.60050679408357
5,-80.44108624523471,-78.7964577698275,-206.5363041548184,301.461672404726,-128.4255135892895,-104.21978020274412,22.159508326378553,1.5318334589977498,-1.8875379347967265,-75.83230253553126,231.19074121599206,248.1418185411708,169.71014198052487,135.99094878652232,-129.34264450014302,-102.28718764896686,-47.36003943222005,308.4972564333337,77.65943289446582,108.86359643561067,-82.92075835574818,-188.6183631789454,232.12594256891475,-26.908897421612085,-145.92506324163267,-65.45977213566309,-27.163405830946772,-109.7406423884787,-0.2331051467770442
6,-74.08595121022184,-21.28655960201263,-63.07392163412676,75.24262904554034,-171.41091807054121,-89.38656043867496,83.33778425236196,-87.80977792449276,-113.06227430686104,-56.458924485712174,-93.57386996600798,-157.84043999148733,100.23746323823582,196.23506583985937,45.35478448214345,-40.605042599141406,-76.16946799579699,-101.52887713877608,12.906151558936838,-32.058144973293665,-70.7084942967388,-166.6612529265186,-61.8932175817788,154.45172401088158,120.54409750736154,-57.15361722209968,6.151925255843785,0.15778796859444588,-58.526868102048844
7,107.29715817392464,82.71353906981113,1174.0830040462636,702.2979470534696,112.26133997765128,-68.81964222894642,-103.22456067336498,158.4033141074652,-10.355738296736913,-4.424436444093313,-57.35331397123919,-63.4730024503383,24.064220809652774,-3.8052601331381175,-37.05834291761106,-20.87564074821473,21.48112811320408,15.300617879366845,-14.411382028428395,-5.520625395492017,20.275728845162263,-13.432632753005342,0.56837098563458,-9.143472605176877,-0.11539929589294129,-2.511034693094552,-5.170588432194485,2.661446072772205,0.4222638060624728
8,-63.76130765260804,13.939944506343107,314.4215737845098,-118.09048527335146,200.99838869386403,17.210015014734566,302.11871303192584,-194.41753103733765,-240.09470008322896,46.86769128319764,360.4657546384908,252.11693761457016,-195.3007932212411,8.252374573011704,114.56659954607221,297.09653374565374,-201.04917082108668,-126.71217536739654,-31.769046821721016,12.916866152355704,8.946684191411126,-46.18371070403642,50.99599401700324,124.15096188874442,26.126021384268213,40.28920859489432,-3.3325024620320622,-0.24651237894960887,-13.9491015207437
9,-69.7447777504851,-27.11944191593841,87.29174464844179,-69.41975845977622,-50.46540576547726,-11.082570855485097,176.0056628789061,-168.89216687462167,-45.09779438837921,-1.4057266858055146,-46.165972280081526,-49.83672405482133,-179.92824654441742,-13.430338238366994,-152.6516708212474,142.5721402161809,101.45604850277084,145.35934628004836,122.94528104698104,-129.58718692997178,50.4588715177533,95.97397810337206,-89.14639979355626,-159.08623605868635,-99.67194167883326,27.059106274288634,-44.89118839667909,-77.26526581614453,179.77655415221415
10,-84.77801911068899,-25.05983558368467,134.4265620950911,-145.03021280986874,204.34393122021012,-30.242218707535667,348.57658688867974,-193.33896039220107,-34.777168946563826,-191.76172950262847,-12.86032194333671,-145.25436640600628,215.422774720394,157.30290165778428,67.91597420718519,-93.56019936130595,-71.07503444523628,223.59408730448214,63.960008628967564,-16.730043309619873,-44.949089221055786,142.3256632568544,-87.55003085379377,16.86464352983479,219.6748968838593,-75.46214950045484,-5.404184117499696,-69.36024598760714,29.846668420177885
11,-63.954823447269014,19.53528791118962,153.12115436648236,-140.50359238128934,-53.97153352679523,61.03572295910585,98.50081124202791,-151.7768981052837,-87.46346763529615,127.80551835240432,221.311336038374,-30.84889112321916,10.223644942156735,-126.82575075656382,97.28510002253701,-229.52701339822292,140.52144085834752,82.62475424745065,-182.55132522671516,-179.1180930838268,-175.5705301677202,9.562738677442304,12.526931588645724,-203.95071090987614,42.323595115586635,-59.31204797683568,33.08369579768907,187.73449074910414,-144.32429083457347
12,-13.334113963538128,36.08100459364385,102.34258280869518,22.930985129642202,-314.16181493853685,48.088054972374515,-66.75623452181628,-328.4107344082018,616.7599286395459,-107.34551029112316,265.8801965875316,-225.7102010735186,-82.59995722857023,-37.97395775414981,-38.93650825832765,40.78637359622293,-125.65338955217639,-14.478673336153767,1.5640871482709626,20.791126088457897,116.98186261888594,-38.60067203903509,-6.053745150610755,45.980944552897334,-1.7119603079126646,-44.89464605020714,9.35376304409202,29.77417643741689,-28.595394390002536
13,754.5631189234533,1503.4269182289206,-244.14898864345548,122.73103719278812,116.15341649804805,-26.409607709373066,56.97273791482056,3.3481991123095405,-2.433238227594506,1.6737501900849394,-1.1089603170411584,-8.927564504135503,-20.1922287657098,-3.8200177813732945,-18.60975840685512,-0.6692696423321831,10.266302266750776,11.504603238130077,6.913398724134621,-1.5157078459690858,1.1945279669233317,-1.6271678517438513,-2.8280329879979473,1.6917720692858444,2.0369825138912727,3.852602937149855,3.5721923195636847,4.463676569097528,-0.19786956083990104
14,-54.81650280763105,36.852568314410426,78.00483599366896,-141.88915831712478,-101.35233545776259,27.93765595996428,-74.13519898374796,-76.55639578367894,-19.523956546958317,87.28673952759306,-122.78132994018331,66.6713007624216,0.7561281482260285,-79.49854767717402,87.68245697467827,-101.20293489475581,78.4691031330716,16.922812932236702,-192.12071864314342,-113.56449129587621,33.53439217061119,-218.65071787977328,16.671370978795277,213.47102551625878,-7.100011921390557,-109.63588329224811,117.02525115290423,-71.77278310260961,125.58744282168271
15,-50.35287586578179,54.75277253343543,96.65869917805163,-283.089207448367,105.34570432126854,26.587909776044906,-145.42370086680998,70.44402771361392,14.242336115884985,-53.290706400669755,-19.094350949451133,39.11186205782025,118.40658823626798,26.372586785853912,-11.486688203606109,17.30153096531762,-40.16081995004396,0.6838274754340292,-25.48951649670428,-18.85584448889635,59.88480230494999,-21.44834425062227,4.119079711808261,18.811011458953324,32.84145284176738,1.502201520659841,-16.8041919944837,-29.31437470264539,-35.34888501637173
16,-82.1472904701129,-52.653109996523334,-79.98266262046243,-16.05185857062046,76.31947729838004,-49.083326756824846,56.365716207521345,-2.440365887241511,-55.23621836925026,38.663485838875594,-82.96997243913363,-124.21160280631874,-2.9808227959881637,80.52031087763207,-80.73583937930323,9.114823508679416,-72.4656888882535,-26.115089115548137,-78.3209751390264,-28.811926717412188,-4.446858933719117,-82.71133706564163,-2.031510092954644,102.09857626984085,-73.76034309590273,-43.64429332321892,36.28701936882027,72.24610088480102,41.71927360875144
17,-53.705258045830995,5.605503206458696,69.4697124900686,-113.32340221188178,-103.79802400911814,33.879673298519236,-32.97475305028516,-46.46481318525129,-12.612825402121919,92.12939307315793,-45.63858365560457,48.86092422810391,-81.62879541663101,-9.657914155027667,-84.09152682639169,-33.06101617370078,60.663406623299956,-13.597414694656335,50.92470940368896,71.61582900138112,-4.011745970981117,-9.276157622821879,-33.87409141811814,78.38352547939813,-38.47170793761068,5.884799755200994,141.08439340703742,0.3276287645091403,-20.769060527777313
18,-34.20041596794366,20.92414409395021,59.108744728782035,-94.45011720205288,-92.91302819339788,62.83048040025071,-100.63947809777625,-13.4178151105939,95.7877244600575,-10.810288852592354,-38.43414679633335,73.76945920789,-98.30951259912875,110.37803527391661,-144.2039056100203,-18.022015771724455,-68.1150279489483,-148.7048401656951,49.66067414639238,1.242820398889691,-33.57948269021429,45.75611562215346,113.28134487991142,-43.39958141795881,75.4564532972825,-122.49566069780097,31.366333777152327,-16.455426630249796,30.72152066460177
19,-78.01008569799397,-44.78339723824854,-143.901921266366,185.63923965456345,-229.7227658370295,-130.67556130081684,-25.8057587617895,42.814918537870525,-109.89260161111676,-41.228356101879754,69.3053132043067,58.407625731554894,34.68056923015539,-113.00951840354952,78.27935266630514,7.313017621622689,63.76378433673651,61.618098205952265,101.33350957846645,102.60529739830605,53.51869762424228,102.31634301782115,-78.7475277561563,141.24144442754846,87.97736358342146,-105.22710565512352,35.45508672293715,122.31346477806403,-45.81077379836458
20,-73.53318254523627,-51.05167394643545,48.384730009152086,29.101925489545767,122.51864852727766,-80.94974302601386,303.0547780192538,-253.58522809848483,183.1873473779497,-181.7202899817156,-360.18108336668615,277.8093640417243,-9.837935162782822,-205.9142375346792,2.709982113015246,-15.148588334439248,43.49897399143836,-36.392258303339254,-20.500508716912694,78.02812840257329,-38.43268997845432,-13.685235114944176,-57.594791101568106,-17.909640959645962,-165.60106221533894,-34.04028419380944,-96.43865915803205,-24.910261282672813,-42.3488767210748
21,-64.47789583591536,28.82948862125112,186.45025417916787,-237.98601210990574,88.80656040121431,1.6276043602008399,70.41427105637094,-113.1158142393762,95.42965993752964,-106.49500844783955,-91.34504772003763,107.88070550781599,174.08553062767405,-67.45906797132241,83.80170171430285,-62.38476675413583,83.85230841245755,59.882378386179994,50.7417455343247,12.476063334522653,56.59476677548353,15.230952212517881,-3.0796531591497174,49.42416719358272,10.06539275559939,134.60119477425675,121.67148314029446,16.990315978658618,-32.833820350290324
22,-54.94722665522412,24.133040680027364,76.14455153359975,-181.15809596848027,4.5699234246140765,34.26247203949239,-112.28820956187131,32.050808254926665,-6.738739893737995,51.69780884647148,-39.419154337158886,67.33728377464278,-65.9033813779088,-63.23131062898787,8.153973490998867,-68.73653796137894,1.4126565676739133,2.42112955344827,-61.98435632730684,104.05622718281838,50.76034085055595,-22.494360688620272,-23.186484789633628,13.710731193863007,44.67026062548043,-47.5027896105526,-13.506829910529687,-60.58992230875359,24.241423041502888
23,-75.81033517639935,-53.78760655123926,-68.90873510374935,-15.636523187660593,229.1600656366598,-92.33104319837486,6.25755060927036,124.72151795968507,139.118406632127,-142.5301431248021,45.72659317285946,-82.55786313571231,114.89609279985353,50.82627922845424,34.80187096501504,171.91123493860397,178.38754739586318,-241.07289084880773,50.583910835198296,-136.2462636106032,-243.6544413129718,63.41599403558683,190.89332439791318,-38.276003546264725,-66.08246216043253,-136.48823508201156,-77.48025762795343,-62.55468537938472,21.697777563490135
24,2762.2525052259143,-452.76906543263385,-20.039047866668348,-63.51201393638809,-16.463425550645688,-10.92219432697728,7.5003410065002,-0.33113651738521543,-8.783666104618906,2.4750296674773296,0.5845599910955479,2.248713088459836,5.934270518623242,-1.3633561335935802,6.008142495845243,-1.0955814879322912,-2.799610881578621,-0.5842631690284783,-0.7489868837316283,1.1949273430664604,-0.6348492354937296,-0.09628943978640186,0.9519288892005127,-0.6578188098227531,0.4996741303367038,-0.13835957071459104,-0.449518401763247,-0.43546599875750647,-0.3898004431168567
25,-59.395123237665224,34.07030687053233,77.0695319637915,-187.5600836745367,21.789327409194648,62.077625244362395,-119.79279289167368,57.41905857980392,-1.3775038179601369,39.984234470577334,-51.764341124839106,48.72982778920331,-61.19163586627302,-14.439952577285581,-41.62367015118764,-79.5544715892513,-33.46671930757609,-7.234194638425137,-34.45481534455338,92.97081933788905,24.392188331157715,-43.5258812918571,14.134093962445583,-69.51085074688072,48.56953216766976,-107.50469293027061,-24.281730065583208,-44.897316715662605,11.779609371594827
26,-42.65333197014606,-113.75344866515636,-257.86309125451413,373.7859059717128,374.0494182018762,733.971887263616,-347.69542284525727,-341.5291290493596,-166.8340297535847,-237.17469042532295,9.984815224497094,-44.916692991551415,-42.47113598354426,5.7468599912761675,39.89495578040179,4.206349252680259,77.0550753120589,4.621024412183365,10.219645503183004,20.909543513359303,-17.14366604986351,-15.999236259496199,-32.547596009108446,19.954297948394977,-21.419732353291877,16.142942625867672,7.589362936422059,4.56849861475425,-8.542887492091443
27,-84.46934782276618,-88.48101597153685,-123.75080157543273,114.76405280773658,257.61348267900325,46.29204080613986,-45.37621414476877,18.70724740689219,143.48451284991475,422.4017538037114,-161.05876038589778,-46.12712322548997,-172.13483716411352,-101.35308103519289,279.3721746968892,-37.10213914794293,-178.95178221184668,147.1215077096388,328.0457740780867,-115.93235552199891,-41.937712341500514,-37.4988688139101,103.28907431088821,7.818737150762601,60.6939461347427,-42.02491273893896,-55.62261551684044,-35.69282528854791,-34.427398758224655
28,-83.35313526397957,-75.12878658078252,-200.86551605843908,187.32983274822269,-80.66478788117901,-90.98809446415166,-22.120241122506055,149.93083176933035,-68.73026962132751,-188.78428415594007,110.34281940224643,95.35926601674582,-35.293180174110894,-190.02763592110006,-68.79311840853958,-35.48872463334723,-56.587542860402095,-25.617876937168674,123.1085906725797,-100.07136637592984,86.14176924673858,-115.93004560584042,-167.6770008147766,-123.23725013032764,125.94910158747356,-52.418919903780335,-35.33343291605749,11.245559480495997,88.38820511096213
29,-57.19095656452394,-16.152759144802197,-17.811945030004438,32.140232744466,-265.9512970201222,730.9274917591974,480.2102876750531,508.03369634548864,112.85318761301524,1.2104306377510294,-31.78582598714032,-33.876996745123556,18.79361225676203,-17.072849205833958,18.36660947473063,61.58577490395622,2.032969448750509,32.83549786698969,-51.018116570122714,32.673895235829185,26.060491750218826,-16.759772270104786,17.683626998305794,25.994704319551126,-6.845005677964949,-1.4357571193167358,-2.3199795565962327,3.5178316819866513,-21.196099862028845
30,-83.47181883837004,-51.949620847027084,-47.92182438594793,-59.174803876651474,146.32704782749283,-91.42740022116587,8.712918076204378,37.63356621690079,-21.63043101038312,35.35450627850037,51.38819784973164,-122.21672082468689,-52.640479998950006,-47.15739205468394,-75.62327659698214,50.87563068511025,79.78208091159743,-10.874749025466869,-45.756490798778856,177.94198918059908,-40.93008102124625,-42.47742618911077,-22.990732009299077,-12.709746805238044,44.38743357408891,-1.8434679819166673,17.953130674234504,-20.02385638934046,32.853191111031045
31,-53.03376617389717,38.19570897843913,107.39335513741588,-254.09865753423057,-3.7077420434555606,51.22345771850725,-162.9687127962433,91.09884949876123,15.365238823430728,-26.667796965495796,71.3919066642389,32.98295166852352,122.34316828644934,-29.082291925169898,15.531393010113357,10.44769324440093,33.006624605520784,65.10506724586894,65.28280790722901,-49.64509200008163,53.080042142861195,79.64335827963141,9.195747668652515,99.920236422759,-27.96525711437473,52.07727270589453,-49.61641653894505,7.770143410601402,75.07654186140003
32,-87.08176421200467,-63.93129721130269,-74.59791665980076,5.033596149692053,192.94573768325404,-90.0086050958495,48.15810828207272,31.108774777333263,44.95099667242803,-0.3881593306086238,-104.34399650629233,-46.86058564429182,15.087197711183855,121.58697264498967,6.761749775764865,27.761384508946616,-117.23003720303558,53.939057646752936,-104.58534620325558,102.19913455311611,-149.229627653191,-65.37071540442287,46.8003821317581,-40.63708422816134,-35.59878534955917,30.41946860615089,47.863258677855285,275.29923663597515,214.18755917179453
33,-83.30395652037821,-60.417461158214245,-130.15238506396318,110.74041573562077,7.516457812474727,-110.48827510121082,19.135528658202556,79.63503797426364,-17.3103291674706,63.57898314594736,49.49248585324293,-97.56577123130661,-32.64696267494844,23.309508200734573,19.481600626750748,-13.235461006237633,117.45986713038494,5.225765161834271,45.97728642859171,-21.13094109445025,-5.74156284141589,-60.76420874335912,-67.05611676105843,58.5075462736341,-69.1713887656416,23.945974420686863,47.284293545530836,4.402683733520511,-2.5132875833837556
34,-69.27069384131345,-1.527515717558055,70.07865744396157,-173.28434591937184,-8.939229768124342,57.98045459783154,54.96569164343079,-60.20235391845066,13.249183630667833,12.764038422176444,-56.513993311161954,-88.3547800499397,-13.78902211682437,31.623212672661392,-63.14127263260556,-36.300911093339934,9.173734202084438,-11.160646880991903,23.595374763778857,33.57636732386386,20.552934278271284,-74.77549544310706,104.48754143266059,-114.20609364251189,22.63198202937982,85.15646670047008,0.9001002358412393,94.20116113526268,84.36054617545355
35,-59.26962969318059,28.06402990078271,97.69530842333076,-247.7515534278122,101.54061919980032,18.390572246302362,-122.26647047949248,70.15886161453444,22.53983565855082,-26.140193826608606,-33.90357575910291,97.62080423794934,39.5247420861792,-22.70734445474722,-29.666451550211125,11.312833790653341,-50.56010917352228,3.3912477769655114,-9.242716557971013,125.73996699111866,41.722297862539804,-3.8890657745416535,-4.277523821736109,-137.33857524511896,61.02910319613845,-13.102235978102659,-16.93717029860761,-45.53430188409323,-192.15696408064582
36,-38.949921410033554,39.23000125214293,14.41599714226675,-47.93090602564095,-243.13662827965064,23.888489234636477,-140.17692919410115,9.37922499464132,-27.60387437646362,22.561204687638053,-16.95172542040648,88.1922942361301,49.94352213892154,59.851913476977636,23.313708076337257,54.88258261370032,1.6076357619693304,-38.385234819379306,-21.56775041400383,-81.74594840801392,-45.36397000597019,-121.08444990038959,-22.50259495724781,-25.244876524551437,26.405278712472715,93.73309147434392,-125.60709833018078,7.874836305992114,-8.575939331168247
37,-57.178004509648844,20.994135351239958,-61.07393920032204,115.4107464581976,-305.08686937567813,-51.0179196789118,-31.952979688468595,-93.1758447839118,-130.70852528982806,-36.64957270043151,-113.18244574338635,-56.53523713567967,109.36636853001143,-48.24006419647191,210.08575684071374,149.0884352274287,2.5916359449387647,-59.31461759366207,30.94364507838669,112.27122604130759,185.77902101211836,147.9787385926316,245.20378653620205,-163.13885333369126,11.852474891173106,-65.2898062037357,157.83420853166535,113.42949295643074,50.86614340225463
38,-45.45603132828098,59.76139572304102,101.928174917227,-263.0925388730163,41.26211064379041,47.25535082208807,-218.89372736614766,139.4401435362645,38.304326972606056,-79.96711156246549,67.45335320652991,103.71935438740987,151.8603332039762,14.020019267785365,-10.349797607794399,35.82201564168784,42.12311069744276,50.94106257912984,71.43914100614053,-192.27408183772388,31.0370487780946,121.29761644564093,56.46298860286715,131.04815236090667,7.6810782577914765,21.07874846731047,-136.43378679169757,90.77522901472642,42.2869183537154
39,-71.05837363303819,-40.80591451507778,-83.59942662950769,82.81158026979767,-193.26600207463605,-127.62762660346347,-8.216777485310528,-42.2672021819372,42.90274550757804,22.3486178045827,-6.4725557342039455,-52.00443241558776,-43.01346745708816,-154.74337071446635,58.309498147150975,235.62410686461445,314.52006766345005,130.6558444778085,-71.30632884121941,-14.877863749812972,-86.78764198397735,-97.01705933979424,67.09046628591318,33.46889741783374,162.768664367013,182.87032498847418,-19.061977742652815,-120.19841144331835,23.466988568235585
40,-53.16834117181284,27.04742038018288,90.86953483792576,-213.25360338734222,17.526962656464175,54.04179326602574,-102.43906900390128,66.75031079161364,-26.018263689791805,24.751047778223754,19.94668631491395,31.661739033856474,-47.61492177083083,9.551680451188561,-36.16645694613633,10.847527855981,-31.54391260946267,20.21526939583955,11.265124775745974,-28.022661064221207,-0.6841131228743127,-37.882339284231165,17.313732630415586,-25.77365659235745,-5.886714422632003,-10.303158742588579,-72.80583947071773,63.66438358755586,82.96452305818549
41,-85.41687990253757,-82.56355979893736,-174.94863696991243,155.8315428631849,60.32177871843993,-135.88086935758346,31.434236211627784,98.22860901105481,71.70808638938368,-139.30966624483668,2.6517671369471554,101.08146392645865,-27.31749412301847,-197.8937710130492,50.04897740596953,-46.71417336848362,3.2014438046069627,-149.91035866323907,22.046262227443915,-86.17714286692919,-14.650415173882823,-88.26279551624557,-27.536833446940157,7.866536357570715,5.016475072628632,11.205319044254614,-1.0865217878397333,196.58447953765562,-34.53626798573982
42,-87.83992567876672,-67.80135788232124,-103.86808790871538,-27.889684751347716,226.71025339451174,-95.74851516476546,-11.313741244039843,166.5724960247207,26.249118179671804,-77.11067831535784,82.94593151925403,-127.54272074405176,39.7407604738084,3.0849796345391134,21.061585189560805,6.866704939972747,-131.20637642903088,4.884646405155173,4.197305454116645,-74.89484212764735,25.636840957849397,-77.3613035696659,-69.62335479986457,-93.31026216250035,-132.78126285257486,126.98815340907692,127.69141316253908,-6.053698250688351,-41.72031970562729
43,-68.90053833493621,-39.07904157375722,-81.90066983726301,91.22074666624925,-126.95742820235746,-64.63654865312881,-85.57209078598837,72.34304097591676,-15.334572958994796,15.36284648132054,8.312500048569778,45.70768570854756,-31.45197817773232,77.02559443149192,32.151008920671124,64.76336762831363,19.630167562429573,47.53049781379853,76.25158398076918,212.94963761399055,-97.45133015194928,18.26892759389604,-90.64340389418491,-31.772703784089803,103.68753219793031,140.2071703854675,-11.255371792214994,61.56257890050346,5.398166238789968
44,-71.96880702884015,-65.06172376979549,-197.0365279551066,197.09263038497826,-27.251778190369322,-51.1559531634491,-91.25719656909355,47.56422560748591,50.537687254974394,-14.54694873307683,-47.17937919676434,63.997193053394305,-100.02123592826175,-60.90089719706085,-55.69310296222334,-36.32698231515856,-204.15224366792475,108.77850896965785,-317.5854337247267,-140.57949933860348,-63.55316447858624,231.18690904420737,141.03433309474303,7.868898222091447,67.24920349496215,162.9638183174579,104.55919750954509,-119.21898282679045,-58.3075626464162
45,-69.92103361907132,-39.6607048025747,-81.34517235927291,37.97588847460605,-151.08238406018359,-46.397646525833906,7.255598497599235,-23.329302246973462,-121.55632312814953,22.147166820235153,-94.98791481122474,-109.330987557512,-62.91751411638649,29.992744809968922,-94.45545079441686,54.61754247007097,-52.89114299394541,77.89481121919106,-86.22199656479864,-181.73251523140243,85.00362405757694,-5.561116522066694,-88.80338230904134,34.19779441833427,-78.12937782606375,-85.95944436732235,-53.30374968521179,-10.550238665074765,31.5826492246193
46,-75.49914442165947,-32.34903849164362,-12.626429832136663,-129.12248883992848,56.66593066883326,-68.81291140680331,-59.46595803263358,78.98331033989471,-113.7322760775522,-21.626948616415604,73.42686830886717,-120.46853343585822,-43.836076822772995,-45.768685445102236,-46.68634860080237,35.10122318598041,37.665762923873665,56.634441282650506,-0.006165375546529184,52.879726305210866,91.17804312027305,66.2361725030706,-74.03885211244751,6.887104694055426,-2.131884198524234,-27.389156972263603,-23.046704826601903,-25.187184896606947,47.49852641897052
47,-81.17356807371615,-101.78426259228816,-169.44394378623923,189.77599421196444,184.4699131452773,-75.55557805881155,77.62501602340595,24.271335388931213,185.70817870035972,114.29367791382982,38.40833330947726,212.75269547418696,-74.27825206229257,435.0540272190873,151.2568628924924,-92.07225321823867,228.12025278100475,-89.72775149577907,-92.8325419111775,-71.52433022051376,299.751962045992,15.869118839528701,-60.84574792669404,-87.97971370730444,53.046050143901454,40.24466529070485,-11.192841640897353,-7.124707461746579,-0.908707029853655
48,-81.45436038724796,-70.53696110676363,-108.0454062821236,43.54136462149139,182.4808920662788,-96.26413225134502,-8.59383667965196,73.63988322048728,56.23469365743313,41.07017950162687,67.80809617119401,-32.49472509748507,-90.56338532332377,35.6935816580358,27.4211662456865,-10.088705800181046,29.750893665147,103.4383928411576,-76.77571789964664,72.12151490446853,6.693308843078842,51.61004107852132,-53.85360417273948,33.02977128142668,-87.79129080750327,26.743448629386723,-20.023246372516613,56.67574052569825,43.478198879511666
49,-84.23661734987634,-49.27698981085585,-64.60976060718792,-52.53952506695512,176.72607964694996,-148.48111859304845,-4.059450982913842,154.6444321126327,21.593310886786156,-137.3518909414295,7.305517340789574,-104.11925175057571,81.37502080784748,-54.16809536975394,79.7604964430457,7.9680707730477565,-58.60778699117126,-51.865148645484915,77.01454675548351,4.078152790269291,55.75819617248265,-9.397576748309335,-31.626761474366177,87.41544510325451,-110.16106737506493,114.66600334312739,158.9241562874567,-96.17477849345582,-120.77266191978002
50,-88.65651259758675,-77.23254891154994,-121.48998602842168,146.01076824142058,-16.935362393128045,-50.89790273277874,120.97766533218905,49.323397550853635,-89.8180778074972,-117.05826771377198,49.711891205952604,42.435649559446226,-77.14892096534498,-123.19664657708482,-101.66302008077682,-280.0228800721348,-105.29792845643232,-174.24815959993595,40.24635644102848,-47.19851991760615,55.63268958575173,112.62550043447784,73.41553802629414,4.844917423815718,104.13461023471801,53.16573478253857,-13.136051479196434,-75.19313429135596,156.92337678835827
51,-75.15416061953107,-64.76593059510765,-115.4672545134075,111.43333257360418,37.642732758180095,-84.211356734642,-23.65702929868819,62.899174026141885,83.49064780829525,67.1073398319713,24.96685062690434,13.610886729144074,-103.03290696971091,6.507204427161386,-19.647428223565402,3.619577216281432,18.68825290548185,43.26512829602996,-105.50068845449641,115.32226568681727,-108.33814797545242,246.18301514293935,-119.82668041422106,153.6497398700029,-92.04563671641203,-98.47760638078391,-136.35389719128284,77.25797640206093,-80.73832473350376
52,-31.456963179058647,86.79848129507165,101.51465551407209,-23.56347302899227,-336.4428635407747,69.03602915378566,-59.13310861757462,-71.01789240141902,-4.291719363125953,69.56185704275993,67.96116969782233,-21.28045643032526,68.13839253119053,57.780646872730344,251.94981592482063,-178.1017018251124,-73.79557334784677,-194.31074677361184,20.19804375333641,92.60986614397427,-214.83228737961693,62.119512147558794,-151.9943862995431,-64.3275220463418,-119.0568157426111,168.43783930354002,-78.15649300070636,-153.3445654063725,149.6081311211688
53,-81.15260636158015,-83.0992246706422,-175.58172111215873,227.40542053598486,143.95328971291073,85.64796846651167,37.25907037140109,-157.23979828734957,56.23984982739824,472.2764912522374,31.018842190680346,53.68266430583135,461.12965291032435,-127.63704583794448,-242.41310095346725,127.08311808834378,-55.76285805929465,-133.51514396858346,-43.28125408168292,3.947829566978168,44.073804981975734,44.3626712244063,-100.19086251796206,-24.710683120815435,47.92018552134994,9.634385305181421,20.32668621787446,-18.998016399313784,43.19438983299091
54,-59.01005970297494,16.10458448976347,-46.453847954152934,86.17278476866994,-313.3385893325037,-46.86287879613341,-43.14704646051312,-71.03868250766004,-170.0169938586659,-5.235416455164207,-87.17446934164147,7.009685215393855,59.89254917890073,62.462395973154635,145.19348103691922,61.76773787649764,-70.72276248494663,1.5686318612854528,-31.1215628805532,-48.47895276287361,80.1600471933435,99.20586492535803,39.068000162275766,29.39160540262066,-187.3669294657324,-92.47736369907537,-47.64045350264392,-28.159298450403394,-22.853721440975157
55,-60.49886910781549,9.183303246066977,-42.87848978658754,27.726192609011633,-192.34874108137998,-24.982680574177074,-57.997597813159736,18.656808832846792,-43.12080054988782,-35.73636637228258,-75.07341858778977,39.65980452455271,17.631364048045246,83.4773654977655,1.3463643342156728,137.7856379362387,-91.62467358622484,4.17442987472911,-12.137980933089272,-84.54431499275226,-74.71712868968321,-46.434531146054226,-176.18563179253303,-158.81965826841582,38.39263345398589,-81.90548889120754,-43.05118997753068,-22.676923006914794,-199.47589758753105
56,-79.78658252062617,-49.477014820703204,-89.25109773251639,12.212621193025615,107.74171241755286,-82.79469090004085,-28.662553152617313,53.16759407504099,17.33929199283703,-62.57096260537362,-117.03674189757592,-67.93252379153981,-106.36200327907301,51.12920947958407,-31.223018041182325,62.92767109975938,4.7501160140564735,-77.24799279572491,-78.75638119915907,82.08587678388997,-71.0777387568366,-15.180468453492239,58.39369274522855,5.706192645692915,198.9584319698253,-89.5102621117039,-3.3424933295478696,-123.85885672034523,-8.380840592110957
